0	0
1	0
2	0
3	0
4	0
5	0
6	0
7	0
8	0
9	0
10	0
11	0
12	0
13	0
14	0
15	0
16	0
17	0
18	0
19	0
20	0
21	0
22	0
23	0
24	0
25	0
26	0
27	0
28	1
29	3
30	10
31	24
32	39
33	45
34	82
35	129
36	156
37	256
38	309
39	430
40	582
41	708
42	893
43	1064
44	1324
45	1624
46	1848
47	2068
48	2264
49	2304
50	2388
51	2386
52	2407
53	2329
54	2128
55	2060
56	1845
57	1900
58	1565
59	1439
60	1307
61	1194
62	1084
63	1048
64	1008
65	880
66	901
67	733
68	850
69	778
70	799
71	810
72	815
73	759
74	754
75	905
76	841
77	899
78	835
79	973
80	937
81	903
82	945
83	987
84	920
85	910
86	972
87	962
88	975
89	1010
90	1182
91	1064
92	1111
93	1223
94	1321
95	1246
96	1325
97	1405
98	1540
99	1588
100	1787
101	1965
102	2077
103	2203
104	2116
105	2087
106	1954
107	1776
108	1558
109	1705
110	1445
111	1425
112	1397
113	1321
114	1486
115	1354
116	1511
117	1495
118	1353
119	1480
120	1740
121	1585
122	1766
123	1707
124	1998
125	1978
126	2079
127	2225
128	2525
129	2559
130	2688
131	2606
132	2660
133	2434
134	2191
135	2028
136	2117
137	1968
138	2139
139	2205
140	2520
141	2636
142	2549
143	2654
144	2642
145	2615
146	2455
147	2427
148	2357
149	2404
150	2345
151	2493
152	2686
153	2766
154	2900
155	2813
156	2604
157	2466
158	2200
159	1973
160	1870
161	1690
162	1593
163	1452
164	1328
165	1347
166	1225
167	1266
168	1131
169	1155
170	1225
171	1321
172	1269
173	1299
174	1228
175	1173
176	1153
177	1095
178	978
179	919
180	839
181	700
182	675
183	635
184	627
185	638
186	683
187	577
188	675
189	717
190	705
191	858
192	863
193	833
194	940
195	935
196	929
197	878
198	899
199	864
200	810
201	849
202	796
203	810
204	813
205	857
206	987
207	1003
208	982
209	986
210	988
211	924
212	866
213	787
214	644
215	520
216	444
217	382
218	339
219	312
220	272
221	201
222	194
223	175
224	143
225	89
226	74
227	51
228	54
229	36
230	20
231	13
232	9
233	5
234	8
235	1
236	0
237	1
238	0
239	1
240	0
241	0
242	0
243	1
244	1
245	1
246	0
247	1
248	0
249	0
250	0
251	0
252	0
253	0
254	0
255	0
